1248869728753340418
1292443108064534528
1251609076703739904
1298040650018021376
1275850365611716613
1285746372805787649
1244778484569985026
1248869833451565056
1247231333983752192
1271264266658680832
1285751087123755010
1292432705888702465
1280819420840038400
1253838397703143424
1285751204094660609
1221207275878023168
1287125346026807296
1282603548593856514
1241416180750905344
1247303814404665344
1253837999432822784
1298043652191789056
1243617774922076167
1253888720853401600
1247303105055727616
1222911219818008577
1264419933062074368
1243111256975904770
1221443608772890624
1239672801453359107
1247253058540765187
1241203756135403521
1222215787387244544
1245004784639361025
1241376562081140737
1264004580934893569
1241048795091275777
1240435212682588161
1271285579938967552
1292431387581022209
1280833306808942592
1266883046298484736
1221427598074556416
1285751925221228544
1282612641270304769
1297548397210214402
1222201046740525056
1297541523358265345
1251424008953712641
1296684329980973056
1240614788247371777
1220562003103645698
1249983903118569473
1280830577952817154
1239955445483110402
1241461395796963329
1296681113289539584
1221977549393350657
1222876387608072192
1222650786393608192
1243210841509580800
1248837178018455552
1285746977314091011
1278434539153625088
1232143158617657344
1222823014510813184
1220423940688023558
1255299327725092866
1240536920855322626
1296738853944872961
1291761072827924481
1247303222630498305
1298039480142589952
1245141134025854979
1221448199677890560
1245086423897608192
1253083573688709120
1249718260645466112
1264023325690540032
1239091127497584640
1237063325437046787
1292442072142798849
1255344215736926210
1248937730278674435
1222813218772410368
1289985446684966912
1275578184910725121
1298699351905062912
1248972547540037634
1297548489358893060
1275570202420432897
1285158046822543360
1287117814466261001
1221878137723793408
1220387098479550464
1255540861229830146
1292434182858317824
1236100162667163654
1270689273977679872
1221425577376149506
1243986780396957696
1222780861889667072
1255462828942790656
1239051886621319169
1263523204045430790
1246500915500236801
1287827186842361857
1222239765098975233
1275850193204895744
1246074157424672768
1295883591495319553
1271263676268453890
1296752621978554370
1250173443917545472
1222433813323640832
1255785524515741697
1242055414138707974
1292318402820767744
1221453796800454656
1247253071647903746
1242527633860177920
1222751037393518592
1220765778053681155
1298705576571080705
1285744163124850688
1222442380600561664
1271269602907938816
1278435089043673089
1285742572413972481
1298047306374225920
1285698833352138752
1298043459513786368
1222811320317181952
1221211816430317569
1236153144947560448
1271264509810753536
1257575649134460928
1243972611698094083
1253072811897151488
1221356783224025089
1289985705708367873
1285741478543872000
1222934504496619522
1221990691795955712
1243980460918800385
1270713306504810503
1242090861489319936
1222900047332823041
1240686466822361088
1253844563032109056
1254480914366824449
1260792036992712705
1249741174795100167
1261085881785626627
1295884411821600769
1221983402661859329
1291540045371908102
1241164052690337793
1282604494312931329
1235367585174167553
1245175527951855616
1237049848538574851
1222715821396504578
1221431069590855680
1245194292789776385
1241157426214125568
1239802233857941504
1297990124144168960
1249717430504562689
1222240359687827464
1298039635658993664
1297540352228892674
1241806142566567936
1299442045807923208
1292318659768193024
1249709637596839937
1223184074845626368
1221512594974019586
1292435654719279107
1242460267453149184
1222609447194746885
1278437790552817664
1287121298070675461
1240953398746157056
1221453834993590272
1244790503339700230
1221883953616957445
1221855728262139904
1221574304539795461
1246043942145019904
1241953646725738497
1257634619777781762
1282605380116320258
1239067341612335106
1298040729214754816
1297989676939214855
1233064135283429377
1266908263658008577
1298033992667729920
1221911291125780481
1249995983175417856
1222016976354066432
1294429142469861376
1292439035697299457
1236914915127857152
1239085099796348928
1292442898647191553
1272657128272982017
1250179483874791432
1297827784786468871
1237581997955940353
1296687412228366337
1271290784898101251
1251630745891864577
1252315906773934080
1285747485705732096
1275619402210304002
1222238522238816257
1241909188336500741
1249984121448935425
1278102464064036867
1285744246268420097
1299442267581812736
1239136917083521024
1278439727096569857
1287129054731173889
1242501455761805319
1235356051618308097
1292438153408716802
1239026132307017728
1287118791676178435
1253088896088489986
1289992732493185026
1243795543832367105
1221916572446535682
1258303357795610625
1250875572634497032
1236173567332515840
1292433185201164288
1282606400514879495
1298043976163954695
1220578930492571648
1241855367438651394
1222874041968541696
1263363477990670336
1298032916879028224
1246014976109789184
1275578813058093056
1248824534389739520
1272660166777831425
1220622997725286400
1243270510701666310
1292442192263421953
1271268831831433217
1222129667144069121
1239033811758874624
1298697955180937216
1246682568218619904
1264230712477179905
1249709147018473473
1245356251023847432
1291730958165479424
1285753238252408833
1238179017519480834
1296751693728608257
1235806831189999616
1249459878298451968
1275848536320507905
1235597049837600768
1233063368157802497
1237417336342220801
1240583782643773440
1275570530087772160
1237031821264605186
1221923092773187586
1291539818867036162
1239027554419273729
1297365810592329729
1292323259619442699
1238186991738593292
1291540053810872327
1264016899786104833
1222735376030167040
1296672500470837248
1220266710785089536
1298046459586248704
1264478608388734976
1297353805961412609
1240858793455448064
1239858344820645889
1229109455981350912
1297338466792083459
1245188731683790848
1244048055181234178
1239067166047076353
1235540358437777408
1249995596796030977
1248880620542935040
1275615744223514624
1254640827646664707
1253861307218112513
1226275469567369216
1254736200998379520
1275611218020007936
1239095879191142400
1223188683530100736
1245082388306120704
1222822919035748352
1298034740403023872
1221916383853805569
1298700095601307649
1272661227521654790
1247612480710467591
1220316557806645248
1221921419174518784
1222874677372243968
1222858010630000640
1275575025987280896
1298045812140920832
1233742366189793280
1246529394903900161
1287130144772038658
1249521754122354688
1275849023518322688
1298705141365907458
1221919083576221696
1220549606699761665
1292445205077975040
1278441069005475840
1278434858084249603
1243279232760975369
1271261651745062912
1259524759617863681
1240475184999452672
1232281351346323456
1247253184420007936
1221348784652898304
1270706408758169601
1271282807155814400
1234399163347062784
1243310417071484928
1221925349824417792
1266474721769635840
1245020482644127747
1275850528153645056
1221429827132985344
1236926074191114241
1298705186723110912
1239062115647963137
1297365923448238082
1271282785613799424
1243267820550598656
1240452167535857672
1222935761793757184
1297545873048518661
1285755230915833856
1239757816383954945
1270691995976183809
1278445610803355659
1239953690167033856
1289985773773750273
1239019651964833792
1270712074155393024
1253088820758806529
1298036685733863424
1244996019135352832
1285754510778855429
1280831537374736385
1271266001125081090
1254719633111859201
1246901503215861760
1267725177904922625
1219612100202389504
1292319965807140865
1234393797255213057
1220548467564527617
1253094486605017091
1287116380215681026
1242037387045359620
1245031436438188032
1222775846726963201
1298033536163893252
1241930277254914050
1239015588862857221
1260975914407600129
1221429448932806659
1221964291500277763
1250859019406893058
1221920008479105024
1298045300318314496
1298033885276786689
1243758640869380096
1275567438927724544
1270706571102900224
1292310522847621120
1247298013229469697
1298039928496877568
1278444650920062984
1266791364060237825
1222617560786620416
1242138670909571076
1252527979369988102
1223156489415610373
1290258356204998659
1298683491241144320
1235580496022626309
1292442756833587201
1295233517496889344
1222684549764665344
1298044519821312000
1298709801602490370
1242139668973379584
1242122078469287943
1285745391766364160
1221454741567234048
1238598015293759488
1270701538193944576
1221923561444642819
1234388818289143809
1239090326872248320
1271262301195137025
1239239974945464320
1278436601731973120
1255326704744235009
1253889991035494401
1298034159689105410
1254770685785726977
1246072945295765505
1295888165643808768
1275622744818806784
1298704646651777025
1222910352645595136
1275296403955363840
1280828405236109312
1249503596359671808
1246506397262663680
1265666759996170240
1298037841700638726
1221928509267857408
1254770338061139971
1298040305716011008
1221212672814874624
1220581156166361089
1255288405824548864
1242138931287785475
1243279241103507456
1262579428208644097
1236914762728038400
1257372516638736384
1222874531754168322
1222811723704360962
1247308968797577219
1292322217146056710
1221426300281376768
1287123169145286656
1221202196676694020
1241424016101068800
1222880810518437888
1287116990759534592
1239012435794825218
1220433523242340354
1292320787043581957
1292431994714914817
1267724884588802048
1222847556637601792
1255507453535571969
1222845169227173889
1226227049091796992
1299268390092042240
1292309671068471296
1270698677405974528
1221917027939627017
1221907888844746752
1297363444446846977
1235362475932930048
1239134211908370432
1275618534253645827
1241871752684331010
1239032784020066306
1262585183544336387
1240585336750653441
1270701165941067777
1220574448132083712
1239127333472210944
1238194627288670209
1251471749277011971
1222911156085456900
1243106066344431617
1271269285898391552
1239096692533755904
1221182202597322758
1291540507781455875
1239028721543254017
1254736506259824640
1222857287254994950
1247309732446175232
1249434082351755268
1226271750683426816
1270707767335161862
1221451012805820417
1296680645649809408
1243274416802402325
1221917721954324482
1278446789826424838
1251567704378609666
1246192997642850304
1253066582957289472
1296675042583957506
1256271636111724545
1298041367772319744
1248840645487333376
1221585840993792001
1246061045942231040
1222603140941303808
1292319912434819074
1292445112623038468
1220607196595204096
1242079758306942978
1219999262282526721
1241158826927296513
1298708734349197313
1261977897675472900
1292321212916408320
1242539071865360386
1255288359452323841
1298045350578491392
1223375195047628800
1246512210857385985
1282615032057155585
1243292489261424640
1243111334373277697
1280830925966802944
1298035753675567104
1241855092703232000
1221877575040958464
1242882797695463424
1221928704030494720
1221184213728104451
1245140828730929152
1221817985196679169
1298040968675983361
1241970676979957760
1295887414477684737
1241864520865386496
1221385452319473664
1278443179939954688
1298701504392691714
1271487399680499712
1287123600684781569
1272652449254260737
1220846922010955776
1248829618964107264
1287832723697160192
1223378555905695751
1221734247376900098
1298041703828357120
1243963446422581249
1297535793871966208
1242144215578095616
1297997743395352576
1270707394113425408
1246492723735154691
1233722113690931200
1234410683913134081
1243095559881154560
1285742429799419904
1292443934510153728
1289989574257606656
1243987168218906624
1294427076712370176
1233505923383091200
1297353320466546692
1239039932217229312
1222136794440847360
1239954162927820800
1241030971895488512
1287125023002693633
1222856724157206529
1245342957676441603
1221802792249151489
1292316980364509184
1239033334522470400
1242489969509380097
1222846179035271168
1285749503501365248
1295884029691035648
1220297571760914432
1243557634080411655
1221919208696467456
1267129341596631046
1270712767855693825
1244802484469710850
1233749330814734337
1220434250803109888
1239959457687310337
1254098640823619584
1240672128506236928
1285743243859288064
1236130969872142336
1220227538066128904
1245945867070136321
1270599001587343360
1291539779172151300
1222872800408502272
1297361832697503744
1243273985447596056
1248823688079773697
1286941828672114689
1221637281456377856
1295283964236558338
1221567730408620032
1248840691280744448
1271262702275407874
1275848225510080519
1250178837914226695
1270706504044249088
1221947236311085056
1243981144992997377
1298705152925265921
1237524149116891136
1296686441829822464
1270690511163207682
1221530907758059524
1255501652175589386
1242512937698226182
1242500755258564608
1275834428049297410
1222622975855251456
1285755844072812551
1221917802056957952
1243206841439588352
1222857242170363905
1298038561565028357
1239021546745847808
1297356881883791362
1241151916010123265
1292434691233021952
1245147182564626432
1220732798920687618
1298039055263899648
1275621314884038656
1241405773399429120
1292435065969025026
1241042115678871553
1244785273432674304
1294449786083573760
1239090477728759808
1248880302841384961
1248862892100857856
1240702758547673089
1242992882648219648
1255305331074367488
1221444011665305601
1287124591312285702
1239067063584526336
1282604613082836992
1292283951378292741
1254736355474751488
1279285512855891968
1275624329120710659
1298042644921114624
1294435405052276736
1253063690368270337
1255327375165927424
1278444274095468546
1264034281497800704
1275574693957742598
1298040628547395585
1254754173297610753
1248846517378723842
1275565890243887107
1222902767557042176
1239084832870694918
1237026109079916544
1298697644521304064
1243268285342203904
1291540115727278089
1270701165563568128
1238988367234084864
1221924259095699456
1239030826391633920
1265797697941975040
1238995032683810817
1239021555398651904
1243280628998721536
1241066937901174784
1270617464548679680
1278445368339038210
1241221791298674688
1250870876553216000
1282791262500925444
1270714332314099717
1271280608656801792
1298036024736534528
1241424116734988289
1222867796939497472
1236339083024228352
1222798509125980161
1255513014725488642
1239003525671198720
1220602202609405953
1241955668107673600
1243315488077352961
1257575229745848320
1235538110274048006
1292443393771966466
1287125035984068612
1271267302789582848
1291791565267107840
1282602164653748230
1270694841366777857
1240486111081881600
1293668634045435905
1239660030376529922
1253094272527630342
1222852369244803072
1253761719224188929
1242596579871244290
1298035838878732289
1271261562666455040
1264242692181147648
1239020447640911872
1262000680618938369
1280830023071608832
1242283521793765387
1280823324688424961
1292434156560031747
1220580932966436864
1221220228606177285
1244696942137028610
1239022349506285569
1270694508028723200
1241246614301421568
1271280170436120577
1258443616919285765
1222688769960226822
1250876363470303233
1221429985820454914
1222911796664647681
1295878578719031304
1296676806347677696
1222614384121466882
1239016873477406722
1222677041528569856
1240677350456668160
1297542063131697154
1297359743724527616
1292315570860371968
1243626708432908289
1255344147793432578
1296677223072661504
1221720759221080064
1298032982209343488
1239023552948350976
1267717841131896833
1248829638924816386
1221918369835888642
1240557502393131009
1240382002458546176
1221422349624307712
1235468865921941505
1282605006143668225
1239617034901524481
1239908128608727040
1289986990490808321
1290874532157259776
1275622920216367104
1241109552076029967
1257547874612637698
1241177583565312005
1292442659307556865
1297991810334076928
1296673601551130630
1237469970960965638
1279383426110455808
1275621196416126976
1221810894897704960
1295882809861701633
1291541106216308737
1297547428380528644
1221764015262588928
1275575138486874113
1296677753530519553
1242122330031054848
1263964626271776769
1298039908062433280
1221920458867478528
1221420038302904320
1254719877119651845
1221860421667147777
1296672615285821443
1271265415667294213
1294425486777552898
1238640170334732288
1295874852834947072
1292439895567368193
1244596736712151041
1222616231892717570
1245194183679361027
1275617628497772546
1298043045967888388
1221723449661575168
1221868755925340160
1261092191184621568
1298032927423463424
1222898775942811653
1222930332292435970
1243087818433482753
1278442138859122697
1222932924418461697
1298035117827354625
1245152383967133698
1246066892780892163
1251439581888679948
1237009881279926274
1253089504069468160
1248691120902737921
1254736356137451521
1222937838615875584
1239014539594813440
1286941029673902080
1248931846437523456
1285753141498204164
1275574081287569408
1248829198862446592
1271264204897398785
1292436008617644034
1271284852088688640
1222612859848396800
1270717051921854468
1239010328949559297
1239084345782124544
1297534459110195201
1292435121853931522
1270689790464126983
1221929816854798336
1270713923386224652
1280831969635586048
1280832658470129665
1221909908892684288
1262590153371066370
1240386375855140865
1239038597497532416
1241810967404691457
1235621202778935296
1247297795117199361
1247281362463346689
1247286160084176897
1221919737933746177
1272652050061570049
1297999189348147211
1285749769223143426
1239085238812168192
1239904731067277312
1236096455301005312
1270687307868364800
1271268290879463427
1222839027637702657
1221930524031115265
1278434958936354821
1222897348335923200
1297363528542818305
1270687886057373697
1221917753684242433
1235421608002695169
1240602191540281345
1242082442267279364
1298041357261590529
1240941389740834816
1294427130781208578
1244791266962853888
1221919073946218496
1292431304722718720
1245158251865358336
1285745566652063745
1248815112548495360
1272651713330044928
1243986990032457729
1292442876966838272
1221918068064030720
1243303181217562624
1222623469910855680
1221426307273113601
1285752807551713280
1270708337936564224
1243557439171112962
1236857523526938624
1298046485653786625
1245194469600825345
1239237135233732608
1282609550886146056
1221319036106989568
1222817714290315264
1245085268954116101
1221710285834215424
1298047285633458181
1248376689362481155
1292434783042232320
1247309908967473153
1262765470471483393
1251446330704097281
1297574678224150529
1243273801057677312
1285752736902983685
1235335560102842373
1240519745700614145
1242144752700657671
1261092291097309184
1244777234965168128
1280827888758071296
1271269758277730304
1242408130266329088
1255293292033593344
1294428285267394560
1251597863089569797
1294316152106098688
1298034619502059520
1270690435778990081
1272651626176745474
1238993481701490690
1272658471167553543
1258910240180969472
1291580068188184579
1242121931496796166
1291540158773374976
1298704416040779782
1292443613994065926
1247309355193634818
1222936579326517248
1275573431581327360
1255712528799318018
1222823658340544512
1221918087810699264
1247281290694414336
1236120022520483840
1239075620090413056
1298034034912759809
1222671127392280576
1227063516651294720
1236852206596509698
1240620798110511104
1253894928662319104
1239820034920366080
1220743573450231809
1255327472654192640
1239512156422516737
1244971681182973953
1297364865317822464
1239807909124378624
1239146692789907456
1247297443344961539
1255167042849771521
1221953127492046849
1261092274303143936
1298044593074831360
1291735895532548096
1221891768909733889
1252299086843334661
1220555186466381824
1222910880033247233
1271278082066874370
1221890023617912834
1236920732178886656
1275567816775733250
1283048838635425792
1237003140374892545
1233070448583356418
1255332556121178112
1297807351160987649
1246037480459194369
1286935111305437185
1240039747210395655
1221798201537323012
1258443894641090560
1247080221087424513
1260300819754356741
1285748554514997250
1287121492178882561
1235586648261267457
1264085308284551168
1222009880048889857
1239866248504041472
1241262795708076034
1221904685432336384
1244503542221717505
1243961347525804032
1237499632764088320
1275850834543288321
1245374988250578945
1289986138224996352
1248823419874861056
1237298008158396416
1222849396653486083
1221220310248091649
1255769002367832064
1251609976931602433
1298042243367010304
1282839169614700544
1221918333894897664
1241867133656719360
1239050094772514818
1296677509069668354
1241976066446692352
1243826792378568704
1222012107689906176
1282606746867924992
1239179715396730880
1295876132433207297
1236280810115936256
1221424358159278082
1261303172229971969
1240322984587517952
1237056219459665920
1247269140311793664
1287118849859629056
1254264506735362048
1221229145004351488
1236979342275686404
1297547915393671168
1244718246886023170
1243111750011990016
1241389111396704257
1270707783881469953
1255774534076006400
1241922958077149185
1239021737116909568
1221947928404688902
1253023364245061635
1221719298126696448
1287124671788457985
1292440956768223232
1297997363789922305
1221428546712719361
1275623243836280836
1238612063049654273
1221730979531952133
1255795901177778176
1221927402449797122
1287122158448074752
1278440075567783936
1285748908837220358
1239067592591106049
1297364996385583104
1242533380148903937
1222726221806497792
1245158885268361216
1285744963108704262
1262734364179410944
1221300738338557953
1244863728010625024
1239068164366798849
1236827480180154368
1275614204494589952
1297579134063763458
1233735131187335169
1280831621554462722
1221927119476994050
1239563844529184768
1255540013695217665
1222235064274169858
1239033661569163266
1266902074870108161
1240504083200593921
1298039178782007296
1297364414430093312
1237413130986233856
1242931594324836352
1221909713647960066
1285937403686014976
1246026599658672129
1298038441893036034
1264677284113453056
1243087795645800449
1239013343605620736
1263355287043366913
1242144790550110209
1285754932696461312
1253850204924772352
1298042552243847170
1291539676185075712
1220716410512396288
1280822783405162496
1292440611296092166
1223361623131336706
1220425293917249536
1298033870399508481
1295377794365620230
1244678590202916864
1222801926175117313
1245193924899033089
1239618236154609665
1240324132723544070
1255343326645059584
1239020591300001792
1239033263005601792
1291541085911756802
1278444059598696448
1221395014925742080
1264010252166606850
1222605228773642241
1221920580234043395
1222621408792129536
1298034647289520130
1280823640951410689
1272651737858539520
1244790709061849088
1220613333914570758
1246523233492439040
1270699302214676480
1241127128831275010
1296682036728483842
1263981052713934848
1292433787670781952
1292436036543545345
1221623426869334017
1239685795654643713
1240665430013943809
1271280616122667009
1222153267095846912
1239926280415567872
1271284766566907904
1298040658184167424
1271268991856709632
1239747270163279872
1264229760273657856
1241908194261204992
1285751783181221888
1223194128026087424
1287123710202257409
1293679268673839105
1251435057623023617
1239181732965945346
1242048547849150467
1248800034440859648
1255529910246006785
1297323086253977600
1222015248162443265
1242309385646297089
1287125297255653387
1237043707431522309
1295303893224583169
1222939787277012993
1298038903975235584
1239012671673991169
1242149578910175236
1287122739648700417
1221481637051097095
1222810431510712320
1295874609166848000
1244841951175667712
1239004244402937856
1291540467386114048
1294436356685357056
1240481266727878658
1296683699199594497
1290867400619982848
1221825396959862787
1238897744929894400
1255304654734401536
1285725716626186240
1244741702113472512
1248840324908105728
1297996906354937859
1239181243603877888
1249984717170061312
1220321590405058562
1240609455588487172
1221911551826788353
1239061399239876609
1221217658944671744
1282786485381496835
1239010123001081857
1243969179138605056
1241339568047169537
1236065925780189184
1285741498231853060
1251555614758756357
1278433558361788418
1248880932305752064
1235217328628883456
1237505235964309504
1271279954559410176
1248869766577688576
1221544126375583744
1248959830833930242
1222239218920914944
1241351631310073862
1221814035512848387
1222878895466262529
1220754247681097728
1250859195261468672
1252321234353655809
1249973598514630656
1275620181339852800
1298036634420744195
1221948613867126784
1236814331238481921
1222239381643309058
1245042757053235203
1271289358272741377
1239018678018019330
1220638483489816576
1249723143519952897
1295870678864977920
1267449679282876417
1298039923140890624
1237309307563229184
1275611218359865344
1221044846594383872
1221826039632015362
1296677438169272320
1241936434522718209
1241334522333016066
1236912127119687680
1244925212807663616
1271290682343165954
1287120254104145920
1291541226282520578
1222852360155824136
1297536909863014400
1234590053235658753
1243292968259334145
1243964077384359936
1264143508417449984
1243311389877379077
1275568600674455552
1255343548771246080
1295246531856150528
1287128567801774081
1247115720170835973
1239904097207271424
1236162019725848577
1244784287116931072
1243178641607077889
1275614864308940802
1280827574571225089
1243270427067191297
1239016808734048256
1245019940140101632
1242517468163293185
1247303264581955585
1297363456182681601
1245188353819017218
1221919496350257152
1285754957514366976
1269584762177495041
1264039955489263628
1239021073489944577
1297353876400508929
1263981936365666306
1278435083842707466
1222615940820602882
1250146654776328192
1282608023043821571
1222898803054796802
1244972255551127552
1237028347856723968
1222928156006457344
1241413282361225220
1244990805770715136
1255294249291132929
1222694902183624704
1253023404174848002
1270715258886189059
1221835903041200129
1235595431565856770
1234399453039206403
1221919247846322176
1297563253153779712
1243291517801902089
1221951873600643074
1244784945081581568
1220425830708469760
1271277331810676738
1271269884526309376
1287116585774260226
1275612972518260738
1247292871570591749
1249972792059101185
1222624967147147264
1257371616515940352
1298047357519564803
1240437369951727616
1243289401548996610
1241396459293065216
1282600783607980032
1221928866601549825
1221954565869854720
1241357142495502336
1222877889479221249
1243716755786170369
1241930138415063040
1295879377272676358
1287118177348890624
1297548922274054146
1244996040589217799
1295876938272145408
1278445713140178945
1242125905138528262
1249735365490966532
1221982383743721473
1241078161321885699
1253055442416209921
1280831856238354432
1244228331572248578
1222008200410681344
1253944622772105216
1241168725841195010
1221426483056398336
1249728927439994881
1280819902786359296
1280824708221546496
1221920835029458944
1221537133254463490
1222824609994526720
1234415187647696896
1264473258449088514
1244821188099977216
1296754341492035589
1222852777115897857
1270697713617772544
1239959591556804609
1221851824254115841
1236892413668372481
1280824197074366469
1248937302690127872
1295204050212773891
1242144599461605377
1242033788554817537
1297540503324495873
1221453103901351936
1297547264383164416
1222900826596753415
1239239877398536192
1241862295975645186
1239050362302214144
1222893162584104961
1221916096422449152
1247309639580094465
1297542556075597825
1243964525646417920
1287125634771234816
1296685009261285376
1246014983554637824
1241252248933429249
1298299600890191872
1279123737560973312
1240514582441086976
1220763483593170946
1298042999335780353
1270705088001171456
1222927788224675840
1221989693895540738
1298042579611799557
1285745631106158593
1275573462199869440
1270708358887112704
1292432974252609538
1236314902144397313
1271269677394792449
1236863344604327936
1244636584508604417
1271288572738367492
1298033549031936000
1253072194080563202
1247270473651482624
1221908240767836160
1294438114392514566
1271269116846895104
1255501358888816642
1243583773377249283
1285751447498428416
1221927966860382210
1282789510833725448
1241318933233360898
1292434736862773249
1295887079176536064
1297996475578941442
1240693910004883456
1239769124344967169
1275615840319266817
1263212278725386241
1267116809926434816
1260169293926457345
1222622969425539073
1275614980633739264
1262797552388386817
1221800023651909632
1235362027608174593
1220155413682769920
1239027235992096773
1250860059346841602
1270709838557970432
1298039848150982656
1297347462374424576
1255326661354098694
1267718628109103109
1222880098807959554
1222241331701059585
1222910278431461376
1298688212768980992
1248852091830800384
1295880076802875394
1226132398087311360
1241924929597177856
1287116932379037702
1221983918854942720
1222904797977690119
1237003179625254913
1221907852643704832
1239802921962754048
1247280909314908160
1247269336907218946
1275572925219745792
1282601037958836224
1241910783539179520
1297539623086886912
1243007882745896966
1242374133939425282
1221928149681758208
1270708794515955712
1290013234796191744
1239015448768733184
1278441296387084292
1240096699386904576
1239006351818461186
1292435943715213313
1257536318600630273
1275620092802367490
1297542261329231878
1282605329528680449
1222233164023836679
1243279703739371531
1298045011939008513
1285154348868214784
1252986893295288322
1285748159579332608
1241351018622877698
1238308263583789056
1280830454623592453
1245382654578622464
1271484720187129856
1244724030025891841
1239222723831894021
1257536121199886337
1222881951524081667
1234579253208858626
1221919600360742913
1248920848679010304
1245382306891567104
1285751644802748422
1297354747465400321
1270698740089749505
1270692508268363782
1271264117580537857
1222583151794565121
1245194746391343104
1280824798684286978
1244778679525355522
1250853633673043979
1292324621648240649
1279941705257693186
1295246832537202688
1241194890077356033
1262584284604481542
1291540272451592192
1270701983029170181
1271264191169650689
1237524295628152833
1298041978291183621
1239717143257677824
1298041195134771201
1285751168011042818
1222796303538610177
1296677488417017857
1240603753239068672
1272657345948991489
1292440823192326144
1296680613072732161
1298706102373109761
1271279981486731266
1221745503001612291
1221954024720752643
1278434613501874177
1222311154292150272
1285741591295131649
1275577102381666304
1298034235752685570
1222624487750950912
1247264207424323587
1239079434231005184
1280823473124913152
1253855892623196160
1292440357070876677
1285742685089697794
1221365085546807297
1222857356381310976
1275572904630071296
1292441257386692609
1237507548413972480
1279931037393575937
1235345612427726848
1257575265963782144
1239009918969053190
